{
 "cells": [
  {
   "cell_type": "markdown",
   "metadata": {},
   "source": [
    "# Mean Reversion -  (Pairs Trading)\n",
    "- Long Pair: Long stock A and short stock B\n",
    "- Short Pair: Short stock A and long stock B\n",
    "- You want to find a high correlation between stock A and B's price (usually > 0.8) --  in this case let's say 0.9. If you find a relationship suggesting that the prices move in opposite directions, you can capitalize on this behavior. ONCE the assets deviate from their typical correlation, say 0.5, you can long/short the pair since you expect the correlation to converge back to its original form.\n",
    "- Sort of becomes an art when you try to maximize the spread between the assets"
   ]
  },
  {
   "cell_type": "markdown",
   "metadata": {},
   "source": [
    "![image info](SP.png)"
   ]
  },
  {
   "cell_type": "markdown",
   "metadata": {},
   "source": [
    "# Basic Idea\n",
    "- 1) Find 2 assets that move similarly with eachother (whether it be a negative or positive correlation)\n",
    "- 2) Sell the 'overvalued' stock and buy the 'undervalued' stock\n",
    "-- A common signal to use to triger the purchase of a pair trade is to use the Price Ratio (Stock A / Stock B). If the ratio changes significantly, then you know it is time to trade. 'Significance' can be measured with standard deviation."
   ]
  },
  {
   "cell_type": "markdown",
   "metadata": {},
   "source": [
    "# (Link in the descriptions)\n",
    "![image info](Monte_Pic.PNG)"
   ]
  },
  {
   "cell_type": "code",
   "execution_count": 6,
   "metadata": {},
   "outputs": [
    {
     "name": "stdout",
     "output_type": "stream",
     "text": [
      "[*********************100%***********************]  1 of 1 completed\n",
      "[*********************100%***********************]  1 of 1 completed\n",
      "[*********************100%***********************]  1 of 1 completed\n",
      "[*********************100%***********************]  1 of 1 completed\n",
      "[*********************100%***********************]  1 of 1 completed\n",
      "[*********************100%***********************]  1 of 1 completed\n",
      "[*********************100%***********************]  1 of 1 completed\n",
      "[*********************100%***********************]  1 of 1 completed\n",
      "[*********************100%***********************]  1 of 1 completed\n",
      "[*********************100%***********************]  1 of 1 completed\n",
      "[*********************100%***********************]  1 of 1 completed\n",
      "[*********************100%***********************]  1 of 1 completed\n",
      "[*********************100%***********************]  1 of 1 completed\n",
      "[*********************100%***********************]  1 of 1 completed\n",
      "\n",
      "1 Failed download:\n",
      "- FEYE: No timezone found, symbol may be delisted\n",
      "[*********************100%***********************]  1 of 1 completed\n",
      "\n",
      "1 Failed download:\n",
      "- FB: No timezone found, symbol may be delisted\n",
      "[*********************100%***********************]  1 of 1 completed\n",
      "[*********************100%***********************]  1 of 1 completed\n",
      "(252, 17)\n"
     ]
    },
    {
     "data": {
      "text/html": [
       "<div>\n",
       "<style scoped>\n",
       "    .dataframe tbody tr th:only-of-type {\n",
       "        vertical-align: middle;\n",
       "    }\n",
       "\n",
       "    .dataframe tbody tr th {\n",
       "        vertical-align: top;\n",
       "    }\n",
       "\n",
       "    .dataframe thead th {\n",
       "        text-align: right;\n",
       "    }\n",
       "</style>\n",
       "<table border=\"1\" class=\"dataframe\">\n",
       "  <thead>\n",
       "    <tr style=\"text-align: right;\">\n",
       "      <th></th>\n",
       "      <th>DPZ</th>\n",
       "      <th>AAPL</th>\n",
       "      <th>GOOG</th>\n",
       "      <th>AMD</th>\n",
       "      <th>GME</th>\n",
       "      <th>SPY</th>\n",
       "      <th>NFLX</th>\n",
       "      <th>BA</th>\n",
       "      <th>WMT</th>\n",
       "      <th>TWTR</th>\n",
       "      <th>GS</th>\n",
       "      <th>XOM</th>\n",
       "      <th>NKE</th>\n",
       "      <th>FEYE</th>\n",
       "      <th>FB</th>\n",
       "      <th>BRK-B</th>\n",
       "      <th>MSFT</th>\n",
       "    </tr>\n",
       "    <tr>\n",
       "      <th>Date</th>\n",
       "      <th></th>\n",
       "      <th></th>\n",
       "      <th></th>\n",
       "      <th></th>\n",
       "      <th></th>\n",
       "      <th></th>\n",
       "      <th></th>\n",
       "      <th></th>\n",
       "      <th></th>\n",
       "      <th></th>\n",
       "      <th></th>\n",
       "      <th></th>\n",
       "      <th></th>\n",
       "      <th></th>\n",
       "      <th></th>\n",
       "      <th></th>\n",
       "      <th></th>\n",
       "    </tr>\n",
       "  </thead>\n",
       "  <tbody>\n",
       "    <tr>\n",
       "      <th>2021-10-20</th>\n",
       "      <td>452.347168</td>\n",
       "      <td>147.956558</td>\n",
       "      <td>142.414993</td>\n",
       "      <td>116.389999</td>\n",
       "      <td>46.130001</td>\n",
       "      <td>443.629028</td>\n",
       "      <td>625.140015</td>\n",
       "      <td>216.169998</td>\n",
       "      <td>143.164078</td>\n",
       "      <td>65.800003</td>\n",
       "      <td>392.508636</td>\n",
       "      <td>60.136559</td>\n",
       "      <td>156.039505</td>\n",
       "      <td>NaN</td>\n",
       "      <td>NaN</td>\n",
       "      <td>287.489990</td>\n",
       "      <td>303.240570</td>\n",
       "    </tr>\n",
       "    <tr>\n",
       "      <th>2021-10-21</th>\n",
       "      <td>461.599701</td>\n",
       "      <td>148.174622</td>\n",
       "      <td>142.780502</td>\n",
       "      <td>119.330002</td>\n",
       "      <td>45.427502</td>\n",
       "      <td>444.786102</td>\n",
       "      <td>653.159973</td>\n",
       "      <td>214.339996</td>\n",
       "      <td>143.958328</td>\n",
       "      <td>65.400002</td>\n",
       "      <td>392.219940</td>\n",
       "      <td>59.044022</td>\n",
       "      <td>159.712769</td>\n",
       "      <td>NaN</td>\n",
       "      <td>NaN</td>\n",
       "      <td>286.820007</td>\n",
       "      <td>306.545105</td>\n",
       "    </tr>\n",
       "    <tr>\n",
       "      <th>2021-10-22</th>\n",
       "      <td>458.019012</td>\n",
       "      <td>147.391541</td>\n",
       "      <td>138.625000</td>\n",
       "      <td>119.820000</td>\n",
       "      <td>42.450001</td>\n",
       "      <td>444.325226</td>\n",
       "      <td>664.780029</td>\n",
       "      <td>212.970001</td>\n",
       "      <td>145.458618</td>\n",
       "      <td>62.240002</td>\n",
       "      <td>398.696136</td>\n",
       "      <td>59.449013</td>\n",
       "      <td>160.992996</td>\n",
       "      <td>NaN</td>\n",
       "      <td>NaN</td>\n",
       "      <td>289.239990</td>\n",
       "      <td>304.966858</td>\n",
       "    </tr>\n",
       "    <tr>\n",
       "      <th>2021-10-25</th>\n",
       "      <td>459.903046</td>\n",
       "      <td>147.341980</td>\n",
       "      <td>138.772995</td>\n",
       "      <td>122.360001</td>\n",
       "      <td>43.492500</td>\n",
       "      <td>446.708069</td>\n",
       "      <td>671.659973</td>\n",
       "      <td>212.869995</td>\n",
       "      <td>147.145203</td>\n",
       "      <td>62.110001</td>\n",
       "      <td>399.109955</td>\n",
       "      <td>60.607479</td>\n",
       "      <td>161.721756</td>\n",
       "      <td>NaN</td>\n",
       "      <td>NaN</td>\n",
       "      <td>290.260010</td>\n",
       "      <td>303.950775</td>\n",
       "    </tr>\n",
       "    <tr>\n",
       "      <th>2021-10-26</th>\n",
       "      <td>459.449310</td>\n",
       "      <td>148.016037</td>\n",
       "      <td>139.671997</td>\n",
       "      <td>122.930000</td>\n",
       "      <td>44.459999</td>\n",
       "      <td>447.110077</td>\n",
       "      <td>668.520020</td>\n",
       "      <td>209.809998</td>\n",
       "      <td>145.860641</td>\n",
       "      <td>61.430000</td>\n",
       "      <td>401.862091</td>\n",
       "      <td>62.010822</td>\n",
       "      <td>161.298279</td>\n",
       "      <td>NaN</td>\n",
       "      <td>NaN</td>\n",
       "      <td>290.850006</td>\n",
       "      <td>305.903900</td>\n",
       "    </tr>\n",
       "  </tbody>\n",
       "</table>\n",
       "</div>"
      ],
      "text/plain": [
       "                   DPZ        AAPL        GOOG         AMD        GME  \\\n",
       "Date                                                                    \n",
       "2021-10-20  452.347168  147.956558  142.414993  116.389999  46.130001   \n",
       "2021-10-21  461.599701  148.174622  142.780502  119.330002  45.427502   \n",
       "2021-10-22  458.019012  147.391541  138.625000  119.820000  42.450001   \n",
       "2021-10-25  459.903046  147.341980  138.772995  122.360001  43.492500   \n",
       "2021-10-26  459.449310  148.016037  139.671997  122.930000  44.459999   \n",
       "\n",
       "                   SPY        NFLX          BA         WMT       TWTR  \\\n",
       "Date                                                                    \n",
       "2021-10-20  443.629028  625.140015  216.169998  143.164078  65.800003   \n",
       "2021-10-21  444.786102  653.159973  214.339996  143.958328  65.400002   \n",
       "2021-10-22  444.325226  664.780029  212.970001  145.458618  62.240002   \n",
       "2021-10-25  446.708069  671.659973  212.869995  147.145203  62.110001   \n",
       "2021-10-26  447.110077  668.520020  209.809998  145.860641  61.430000   \n",
       "\n",
       "                    GS        XOM         NKE  FEYE  FB       BRK-B  \\\n",
       "Date                                                                  \n",
       "2021-10-20  392.508636  60.136559  156.039505   NaN NaN  287.489990   \n",
       "2021-10-21  392.219940  59.044022  159.712769   NaN NaN  286.820007   \n",
       "2021-10-22  398.696136  59.449013  160.992996   NaN NaN  289.239990   \n",
       "2021-10-25  399.109955  60.607479  161.721756   NaN NaN  290.260010   \n",
       "2021-10-26  401.862091  62.010822  161.298279   NaN NaN  290.850006   \n",
       "\n",
       "                  MSFT  \n",
       "Date                    \n",
       "2021-10-20  303.240570  \n",
       "2021-10-21  306.545105  \n",
       "2021-10-22  304.966858  \n",
       "2021-10-25  303.950775  \n",
       "2021-10-26  305.903900  "
      ]
     },
     "execution_count": 6,
     "metadata": {},
     "output_type": "execute_result"
    }
   ],
   "source": [
    "# Getting Data from 6 years back\n",
    "# I will use the most recent 1 year to determine how well I would have done if I follow the efficient frontier.\n",
    "# The market is open 252 times in a given year.\n",
    "# I will get the adjusted close as my main data.\n",
    "\n",
    "'''========================================================================= UPDATE 10/27/2021 ================================\n",
    "MAKE SURE pandas == 1.2 version.\n",
    "Yahoo has changed their structure when it comes to querying data. I have made the adjustments to this entire notebook.\n",
    "========================================================================= UPDATE 10/27/2021  ==================================\n",
    "'''\n",
    "import pandas as pd\n",
    "import pandas_datareader as pdr\n",
    "from datetime import datetime\n",
    "import yfinance as yf\n",
    "\n",
    "def get_historical_Data(tickers):\n",
    "    \"\"\"This function returns a pd dataframe with all of the adjusted closing information\"\"\"\n",
    "    data = pd.DataFrame()\n",
    "    names = list()\n",
    "    for i in tickers:\n",
    "        data = pd.concat([data, pd.DataFrame(yf.download(i, start=datetime(2020, 10, 27), end=datetime(2021, 10, 27)).iloc[:,4])], axis = 1)\n",
    "        names.append(i)\n",
    "    data.columns = names\n",
    "    return data\n",
    "\n",
    "ticks = [\"DPZ\", \"AAPL\", \"GOOG\", \"AMD\", \"GME\", \"SPY\", \"NFLX\", \"BA\", \"WMT\",\"TWTR\",\"GS\",\"XOM\",\"NKE\",\"FEYE\", \"FB\",\"BRK-B\", \"MSFT\"] #Name of company (Dominos pizza)\n",
    "d = get_historical_Data(ticks)\n",
    "print(d.shape)\n",
    "# Most Recent Data\n",
    "d.tail()"
   ]
  },
  {
   "cell_type": "code",
   "execution_count": 7,
   "metadata": {},
   "outputs": [
    {
     "data": {
      "text/html": [
       "<div>\n",
       "<style scoped>\n",
       "    .dataframe tbody tr th:only-of-type {\n",
       "        vertical-align: middle;\n",
       "    }\n",
       "\n",
       "    .dataframe tbody tr th {\n",
       "        vertical-align: top;\n",
       "    }\n",
       "\n",
       "    .dataframe thead th {\n",
       "        text-align: right;\n",
       "    }\n",
       "</style>\n",
       "<table border=\"1\" class=\"dataframe\">\n",
       "  <thead>\n",
       "    <tr style=\"text-align: right;\">\n",
       "      <th></th>\n",
       "      <th>DPZ</th>\n",
       "      <th>AAPL</th>\n",
       "      <th>GOOG</th>\n",
       "      <th>AMD</th>\n",
       "      <th>GME</th>\n",
       "      <th>SPY</th>\n",
       "      <th>NFLX</th>\n",
       "      <th>BA</th>\n",
       "      <th>WMT</th>\n",
       "      <th>TWTR</th>\n",
       "      <th>GS</th>\n",
       "      <th>XOM</th>\n",
       "      <th>NKE</th>\n",
       "      <th>FEYE</th>\n",
       "      <th>FB</th>\n",
       "      <th>BRK-B</th>\n",
       "      <th>MSFT</th>\n",
       "    </tr>\n",
       "  </thead>\n",
       "  <tbody>\n",
       "    <tr>\n",
       "      <th>DPZ</th>\n",
       "      <td>1.000000</td>\n",
       "      <td>0.818148</td>\n",
       "      <td>0.874797</td>\n",
       "      <td>0.665388</td>\n",
       "      <td>0.469130</td>\n",
       "      <td>0.834557</td>\n",
       "      <td>0.372663</td>\n",
       "      <td>0.080836</td>\n",
       "      <td>0.407599</td>\n",
       "      <td>0.336258</td>\n",
       "      <td>0.724772</td>\n",
       "      <td>0.497005</td>\n",
       "      <td>0.812071</td>\n",
       "      <td>NaN</td>\n",
       "      <td>NaN</td>\n",
       "      <td>0.715105</td>\n",
       "      <td>0.872942</td>\n",
       "    </tr>\n",
       "    <tr>\n",
       "      <th>AAPL</th>\n",
       "      <td>0.818148</td>\n",
       "      <td>1.000000</td>\n",
       "      <td>0.817185</td>\n",
       "      <td>0.788684</td>\n",
       "      <td>0.430274</td>\n",
       "      <td>0.832325</td>\n",
       "      <td>0.659198</td>\n",
       "      <td>0.095350</td>\n",
       "      <td>0.373089</td>\n",
       "      <td>0.490575</td>\n",
       "      <td>0.729216</td>\n",
       "      <td>0.498231</td>\n",
       "      <td>0.862453</td>\n",
       "      <td>NaN</td>\n",
       "      <td>NaN</td>\n",
       "      <td>0.608197</td>\n",
       "      <td>0.886737</td>\n",
       "    </tr>\n",
       "    <tr>\n",
       "      <th>GOOG</th>\n",
       "      <td>0.874797</td>\n",
       "      <td>0.817185</td>\n",
       "      <td>1.000000</td>\n",
       "      <td>0.572945</td>\n",
       "      <td>0.717871</td>\n",
       "      <td>0.978253</td>\n",
       "      <td>0.542024</td>\n",
       "      <td>0.332867</td>\n",
       "      <td>0.120376</td>\n",
       "      <td>0.604391</td>\n",
       "      <td>0.933673</td>\n",
       "      <td>0.794650</td>\n",
       "      <td>0.729426</td>\n",
       "      <td>NaN</td>\n",
       "      <td>NaN</td>\n",
       "      <td>0.901955</td>\n",
       "      <td>0.974893</td>\n",
       "    </tr>\n",
       "    <tr>\n",
       "      <th>AMD</th>\n",
       "      <td>0.665388</td>\n",
       "      <td>0.788684</td>\n",
       "      <td>0.572945</td>\n",
       "      <td>1.000000</td>\n",
       "      <td>0.076881</td>\n",
       "      <td>0.555607</td>\n",
       "      <td>0.697511</td>\n",
       "      <td>-0.128145</td>\n",
       "      <td>0.555587</td>\n",
       "      <td>0.219452</td>\n",
       "      <td>0.447324</td>\n",
       "      <td>0.182714</td>\n",
       "      <td>0.814614</td>\n",
       "      <td>NaN</td>\n",
       "      <td>NaN</td>\n",
       "      <td>0.288319</td>\n",
       "      <td>0.681377</td>\n",
       "    </tr>\n",
       "    <tr>\n",
       "      <th>GME</th>\n",
       "      <td>0.469130</td>\n",
       "      <td>0.430274</td>\n",
       "      <td>0.717871</td>\n",
       "      <td>0.076881</td>\n",
       "      <td>1.000000</td>\n",
       "      <td>0.737520</td>\n",
       "      <td>0.240664</td>\n",
       "      <td>0.562551</td>\n",
       "      <td>-0.303936</td>\n",
       "      <td>0.553100</td>\n",
       "      <td>0.803210</td>\n",
       "      <td>0.823951</td>\n",
       "      <td>0.303382</td>\n",
       "      <td>NaN</td>\n",
       "      <td>NaN</td>\n",
       "      <td>0.800656</td>\n",
       "      <td>0.647865</td>\n",
       "    </tr>\n",
       "    <tr>\n",
       "      <th>SPY</th>\n",
       "      <td>0.834557</td>\n",
       "      <td>0.832325</td>\n",
       "      <td>0.978253</td>\n",
       "      <td>0.555607</td>\n",
       "      <td>0.737520</td>\n",
       "      <td>1.000000</td>\n",
       "      <td>0.532301</td>\n",
       "      <td>0.442483</td>\n",
       "      <td>0.118445</td>\n",
       "      <td>0.630425</td>\n",
       "      <td>0.964367</td>\n",
       "      <td>0.844584</td>\n",
       "      <td>0.731238</td>\n",
       "      <td>NaN</td>\n",
       "      <td>NaN</td>\n",
       "      <td>0.932636</td>\n",
       "      <td>0.955292</td>\n",
       "    </tr>\n",
       "    <tr>\n",
       "      <th>NFLX</th>\n",
       "      <td>0.372663</td>\n",
       "      <td>0.659198</td>\n",
       "      <td>0.542024</td>\n",
       "      <td>0.697511</td>\n",
       "      <td>0.240664</td>\n",
       "      <td>0.532301</td>\n",
       "      <td>1.000000</td>\n",
       "      <td>-0.031222</td>\n",
       "      <td>0.105738</td>\n",
       "      <td>0.386304</td>\n",
       "      <td>0.480084</td>\n",
       "      <td>0.369577</td>\n",
       "      <td>0.502257</td>\n",
       "      <td>NaN</td>\n",
       "      <td>NaN</td>\n",
       "      <td>0.301593</td>\n",
       "      <td>0.651469</td>\n",
       "    </tr>\n",
       "    <tr>\n",
       "      <th>BA</th>\n",
       "      <td>0.080836</td>\n",
       "      <td>0.095350</td>\n",
       "      <td>0.332867</td>\n",
       "      <td>-0.128145</td>\n",
       "      <td>0.562551</td>\n",
       "      <td>0.442483</td>\n",
       "      <td>-0.031222</td>\n",
       "      <td>1.000000</td>\n",
       "      <td>-0.313237</td>\n",
       "      <td>0.534617</td>\n",
       "      <td>0.510482</td>\n",
       "      <td>0.671750</td>\n",
       "      <td>0.079400</td>\n",
       "      <td>NaN</td>\n",
       "      <td>NaN</td>\n",
       "      <td>0.568068</td>\n",
       "      <td>0.229572</td>\n",
       "    </tr>\n",
       "    <tr>\n",
       "      <th>WMT</th>\n",
       "      <td>0.407599</td>\n",
       "      <td>0.373089</td>\n",
       "      <td>0.120376</td>\n",
       "      <td>0.555587</td>\n",
       "      <td>-0.303936</td>\n",
       "      <td>0.118445</td>\n",
       "      <td>0.105738</td>\n",
       "      <td>-0.313237</td>\n",
       "      <td>1.000000</td>\n",
       "      <td>-0.395426</td>\n",
       "      <td>-0.044592</td>\n",
       "      <td>-0.326003</td>\n",
       "      <td>0.399258</td>\n",
       "      <td>NaN</td>\n",
       "      <td>NaN</td>\n",
       "      <td>-0.007303</td>\n",
       "      <td>0.187105</td>\n",
       "    </tr>\n",
       "    <tr>\n",
       "      <th>TWTR</th>\n",
       "      <td>0.336258</td>\n",
       "      <td>0.490575</td>\n",
       "      <td>0.604391</td>\n",
       "      <td>0.219452</td>\n",
       "      <td>0.553100</td>\n",
       "      <td>0.630425</td>\n",
       "      <td>0.386304</td>\n",
       "      <td>0.534617</td>\n",
       "      <td>-0.395426</td>\n",
       "      <td>1.000000</td>\n",
       "      <td>0.666863</td>\n",
       "      <td>0.704388</td>\n",
       "      <td>0.464564</td>\n",
       "      <td>NaN</td>\n",
       "      <td>NaN</td>\n",
       "      <td>0.564449</td>\n",
       "      <td>0.600566</td>\n",
       "    </tr>\n",
       "    <tr>\n",
       "      <th>GS</th>\n",
       "      <td>0.724772</td>\n",
       "      <td>0.729216</td>\n",
       "      <td>0.933673</td>\n",
       "      <td>0.447324</td>\n",
       "      <td>0.803210</td>\n",
       "      <td>0.964367</td>\n",
       "      <td>0.480084</td>\n",
       "      <td>0.510482</td>\n",
       "      <td>-0.044592</td>\n",
       "      <td>0.666863</td>\n",
       "      <td>1.000000</td>\n",
       "      <td>0.914136</td>\n",
       "      <td>0.654955</td>\n",
       "      <td>NaN</td>\n",
       "      <td>NaN</td>\n",
       "      <td>0.943553</td>\n",
       "      <td>0.886291</td>\n",
       "    </tr>\n",
       "    <tr>\n",
       "      <th>XOM</th>\n",
       "      <td>0.497005</td>\n",
       "      <td>0.498231</td>\n",
       "      <td>0.794650</td>\n",
       "      <td>0.182714</td>\n",
       "      <td>0.823951</td>\n",
       "      <td>0.844584</td>\n",
       "      <td>0.369577</td>\n",
       "      <td>0.671750</td>\n",
       "      <td>-0.326003</td>\n",
       "      <td>0.704388</td>\n",
       "      <td>0.914136</td>\n",
       "      <td>1.000000</td>\n",
       "      <td>0.409913</td>\n",
       "      <td>NaN</td>\n",
       "      <td>NaN</td>\n",
       "      <td>0.902655</td>\n",
       "      <td>0.713838</td>\n",
       "    </tr>\n",
       "    <tr>\n",
       "      <th>NKE</th>\n",
       "      <td>0.812071</td>\n",
       "      <td>0.862453</td>\n",
       "      <td>0.729426</td>\n",
       "      <td>0.814614</td>\n",
       "      <td>0.303382</td>\n",
       "      <td>0.731238</td>\n",
       "      <td>0.502257</td>\n",
       "      <td>0.079400</td>\n",
       "      <td>0.399258</td>\n",
       "      <td>0.464564</td>\n",
       "      <td>0.654955</td>\n",
       "      <td>0.409913</td>\n",
       "      <td>1.000000</td>\n",
       "      <td>NaN</td>\n",
       "      <td>NaN</td>\n",
       "      <td>0.526100</td>\n",
       "      <td>0.791593</td>\n",
       "    </tr>\n",
       "    <tr>\n",
       "      <th>FEYE</th>\n",
       "      <td>NaN</td>\n",
       "      <td>NaN</td>\n",
       "      <td>NaN</td>\n",
       "      <td>NaN</td>\n",
       "      <td>NaN</td>\n",
       "      <td>NaN</td>\n",
       "      <td>NaN</td>\n",
       "      <td>NaN</td>\n",
       "      <td>NaN</td>\n",
       "      <td>NaN</td>\n",
       "      <td>NaN</td>\n",
       "      <td>NaN</td>\n",
       "      <td>NaN</td>\n",
       "      <td>NaN</td>\n",
       "      <td>NaN</td>\n",
       "      <td>NaN</td>\n",
       "      <td>NaN</td>\n",
       "    </tr>\n",
       "    <tr>\n",
       "      <th>FB</th>\n",
       "      <td>NaN</td>\n",
       "      <td>NaN</td>\n",
       "      <td>NaN</td>\n",
       "      <td>NaN</td>\n",
       "      <td>NaN</td>\n",
       "      <td>NaN</td>\n",
       "      <td>NaN</td>\n",
       "      <td>NaN</td>\n",
       "      <td>NaN</td>\n",
       "      <td>NaN</td>\n",
       "      <td>NaN</td>\n",
       "      <td>NaN</td>\n",
       "      <td>NaN</td>\n",
       "      <td>NaN</td>\n",
       "      <td>NaN</td>\n",
       "      <td>NaN</td>\n",
       "      <td>NaN</td>\n",
       "    </tr>\n",
       "    <tr>\n",
       "      <th>BRK-B</th>\n",
       "      <td>0.715105</td>\n",
       "      <td>0.608197</td>\n",
       "      <td>0.901955</td>\n",
       "      <td>0.288319</td>\n",
       "      <td>0.800656</td>\n",
       "      <td>0.932636</td>\n",
       "      <td>0.301593</td>\n",
       "      <td>0.568068</td>\n",
       "      <td>-0.007303</td>\n",
       "      <td>0.564449</td>\n",
       "      <td>0.943553</td>\n",
       "      <td>0.902655</td>\n",
       "      <td>0.526100</td>\n",
       "      <td>NaN</td>\n",
       "      <td>NaN</td>\n",
       "      <td>1.000000</td>\n",
       "      <td>0.819854</td>\n",
       "    </tr>\n",
       "    <tr>\n",
       "      <th>MSFT</th>\n",
       "      <td>0.872942</td>\n",
       "      <td>0.886737</td>\n",
       "      <td>0.974893</td>\n",
       "      <td>0.681377</td>\n",
       "      <td>0.647865</td>\n",
       "      <td>0.955292</td>\n",
       "      <td>0.651469</td>\n",
       "      <td>0.229572</td>\n",
       "      <td>0.187105</td>\n",
       "      <td>0.600566</td>\n",
       "      <td>0.886291</td>\n",
       "      <td>0.713838</td>\n",
       "      <td>0.791593</td>\n",
       "      <td>NaN</td>\n",
       "      <td>NaN</td>\n",
       "      <td>0.819854</td>\n",
       "      <td>1.000000</td>\n",
       "    </tr>\n",
       "  </tbody>\n",
       "</table>\n",
       "</div>"
      ],
      "text/plain": [
       "            DPZ      AAPL      GOOG       AMD       GME       SPY      NFLX  \\\n",
       "DPZ    1.000000  0.818148  0.874797  0.665388  0.469130  0.834557  0.372663   \n",
       "AAPL   0.818148  1.000000  0.817185  0.788684  0.430274  0.832325  0.659198   \n",
       "GOOG   0.874797  0.817185  1.000000  0.572945  0.717871  0.978253  0.542024   \n",
       "AMD    0.665388  0.788684  0.572945  1.000000  0.076881  0.555607  0.697511   \n",
       "GME    0.469130  0.430274  0.717871  0.076881  1.000000  0.737520  0.240664   \n",
       "SPY    0.834557  0.832325  0.978253  0.555607  0.737520  1.000000  0.532301   \n",
       "NFLX   0.372663  0.659198  0.542024  0.697511  0.240664  0.532301  1.000000   \n",
       "BA     0.080836  0.095350  0.332867 -0.128145  0.562551  0.442483 -0.031222   \n",
       "WMT    0.407599  0.373089  0.120376  0.555587 -0.303936  0.118445  0.105738   \n",
       "TWTR   0.336258  0.490575  0.604391  0.219452  0.553100  0.630425  0.386304   \n",
       "GS     0.724772  0.729216  0.933673  0.447324  0.803210  0.964367  0.480084   \n",
       "XOM    0.497005  0.498231  0.794650  0.182714  0.823951  0.844584  0.369577   \n",
       "NKE    0.812071  0.862453  0.729426  0.814614  0.303382  0.731238  0.502257   \n",
       "FEYE        NaN       NaN       NaN       NaN       NaN       NaN       NaN   \n",
       "FB          NaN       NaN       NaN       NaN       NaN       NaN       NaN   \n",
       "BRK-B  0.715105  0.608197  0.901955  0.288319  0.800656  0.932636  0.301593   \n",
       "MSFT   0.872942  0.886737  0.974893  0.681377  0.647865  0.955292  0.651469   \n",
       "\n",
       "             BA       WMT      TWTR        GS       XOM       NKE  FEYE  FB  \\\n",
       "DPZ    0.080836  0.407599  0.336258  0.724772  0.497005  0.812071   NaN NaN   \n",
       "AAPL   0.095350  0.373089  0.490575  0.729216  0.498231  0.862453   NaN NaN   \n",
       "GOOG   0.332867  0.120376  0.604391  0.933673  0.794650  0.729426   NaN NaN   \n",
       "AMD   -0.128145  0.555587  0.219452  0.447324  0.182714  0.814614   NaN NaN   \n",
       "GME    0.562551 -0.303936  0.553100  0.803210  0.823951  0.303382   NaN NaN   \n",
       "SPY    0.442483  0.118445  0.630425  0.964367  0.844584  0.731238   NaN NaN   \n",
       "NFLX  -0.031222  0.105738  0.386304  0.480084  0.369577  0.502257   NaN NaN   \n",
       "BA     1.000000 -0.313237  0.534617  0.510482  0.671750  0.079400   NaN NaN   \n",
       "WMT   -0.313237  1.000000 -0.395426 -0.044592 -0.326003  0.399258   NaN NaN   \n",
       "TWTR   0.534617 -0.395426  1.000000  0.666863  0.704388  0.464564   NaN NaN   \n",
       "GS     0.510482 -0.044592  0.666863  1.000000  0.914136  0.654955   NaN NaN   \n",
       "XOM    0.671750 -0.326003  0.704388  0.914136  1.000000  0.409913   NaN NaN   \n",
       "NKE    0.079400  0.399258  0.464564  0.654955  0.409913  1.000000   NaN NaN   \n",
       "FEYE        NaN       NaN       NaN       NaN       NaN       NaN   NaN NaN   \n",
       "FB          NaN       NaN       NaN       NaN       NaN       NaN   NaN NaN   \n",
       "BRK-B  0.568068 -0.007303  0.564449  0.943553  0.902655  0.526100   NaN NaN   \n",
       "MSFT   0.229572  0.187105  0.600566  0.886291  0.713838  0.791593   NaN NaN   \n",
       "\n",
       "          BRK-B      MSFT  \n",
       "DPZ    0.715105  0.872942  \n",
       "AAPL   0.608197  0.886737  \n",
       "GOOG   0.901955  0.974893  \n",
       "AMD    0.288319  0.681377  \n",
       "GME    0.800656  0.647865  \n",
       "SPY    0.932636  0.955292  \n",
       "NFLX   0.301593  0.651469  \n",
       "BA     0.568068  0.229572  \n",
       "WMT   -0.007303  0.187105  \n",
       "TWTR   0.564449  0.600566  \n",
       "GS     0.943553  0.886291  \n",
       "XOM    0.902655  0.713838  \n",
       "NKE    0.526100  0.791593  \n",
       "FEYE        NaN       NaN  \n",
       "FB          NaN       NaN  \n",
       "BRK-B  1.000000  0.819854  \n",
       "MSFT   0.819854  1.000000  "
      ]
     },
     "execution_count": 7,
     "metadata": {},
     "output_type": "execute_result"
    }
   ],
   "source": [
    "corr_matrix = d.corr()\n",
    "corr_matrix"
   ]
  },
  {
   "cell_type": "code",
   "execution_count": 8,
   "metadata": {},
   "outputs": [
    {
     "data": {
      "text/plain": [
       "<AxesSubplot:>"
      ]
     },
     "execution_count": 8,
     "metadata": {},
     "output_type": "execute_result"
    },
    {
     "data": {
